0 10 5 20 
0 15 4 30
0 10 5 20 
1 15 4 30
1 10 5 20 
1 15 4 30
2 10 5 20 
2 15 4 30
2 10 5 20 
3 15 4 30
3 10 5 20 
3 15 4 30
4 10 5 20 
4 15 4 30
4 10 5 20 
5 15 4 30
5 10 5 20 
5 15 4 30
6 10 5 20 
6 15 4 30
6 10 5 20 
7 15 4 30
7 10 5 20 
7 15 4 30
8 10 5 20 
8 15 4 30
8 10 5 20 
9 15 4 30
9 10 5 20 
9 15 4 30
10 10 5 20
10 15 4 30
10 10 5 20 
11 15 4 30
11 10 5 20 
11 15 4 30
12 10 5 20 
12 15 4 30
12 10 5 20 
13 15 4 30
13 10 5 20 
13 15 4 30
14 10 5 20 
14 15 4 30
14 10 5 20 
15 15 4 30
15 10 5 20 
15 15 4 30